20 11.084 22.5488
21 20.746 27.6992
22 31.365 34.5646
23 42.947 43.1449
24 55.591 53.44
25 69.118 65.4501
26 84.317 79.1751
27 100.581 94.615
28 118.224 111.77
29 136.974 130.639
30 157.099 151.224
31 178.53 173.524
32 201.674 197.538
33 226.028 223.267
34 252.468 250.712
35 280.604 279.871
36 309.922 310.745
37 341.076 343.334
38 374.02 377.638
39 408.664 413.656
40 445.788 451.39
41 484.749 490.839
42 525.356 532.002
43 568.599 574.881
44 613.374 619.474
45 660.174 665.782
46 709.505 713.805
47 761.157 763.543
48 820.778 814.996
49 876.925 868.164
50 935.042 923.047
