100 46.631 71.4253
101 62.697 82.9438
102 78.398 94.8976
103 93.139 107.287
104 108.071 120.111
105 123.607 133.371
106 139.086 147.066
107 154.988 161.196
108 171.221 175.762
109 187.759 190.762
110 204.896 206.198
111 222.494 222.07
112 240.378 238.376
113 258.209 255.118
114 276.443 272.296
115 294.795 289.908
116 313.634 307.956
117 333.447 326.439
118 353.203 345.357
119 373.155 364.711
120 393.353 384.5
121 414.032 404.724
122 435.462 425.384
123 456.804 446.479
124 478.391 468.009
125 500.294 489.974
126 523.086 512.375
127 545.722 535.211
128 568.663 558.482
129 592.347 582.188
130 616.871 606.33
131 641.046 630.907
132 665.548 655.92
133 690.749 681.367
134 716.478 707.25
135 742.062 733.568
136 768.129 760.322
137 794.819 787.511
138 822.442 815.135
139 850.195 843.194
140 877.954 871.689
141 905.998 900.619
142 935.231 929.984
143 964.276 959.784
144 993.585 990.02
145 1024.12 1020.69
146 1054.69 1051.8
147 1085.19 1083.34
148 1116.52 1115.32
149 1148.34 1147.73
150 1180.09 1180.58
151 1213.58 1213.86
152 1246.4 1247.58
153 1279.76 1281.73
154 1313.46 1316.32
155 1348.45 1351.34
156 1383.02 1386.8
157 1418.81 1422.7
158 1454.3 1459.03
159 1490.37 1495.79
160 1527.2 1532.99
161 1564.28 1570.63
162 1601.79 1608.7
163 1640.48 1647.2
164 1678.81 1686.15
165 1717.55 1725.52
166 1756.59 1765.33
167 1796.16 1805.58
168 1837.1 1846.26
169 1877.71 1887.38
170 1918.64 1928.94
171 1960.18 1970.92
172 2002.21 2013.35
173 2045.48 2056.21
174 2088.41 2099.5
175 2131.96 2143.23
176 2175.85 2187.4
177 2221.3 2232
178 2266.88 2277.03
179 2312.43 2322.5
180 2358.52 2368.41
181 2405.68 2414.75
182 2453.44 2461.53
183 2501.03 2508.74
184 2550.05 2556.39
185 2598.77 2604.47
186 2649.01 2652.99
187 2698.68 2701.94
188 2749.44 2751.33
189 2800.58 2801.15
190 2852.7 2851.41
191 2904.73 2902.1
192 2957.97 2953.23
193 3011.93 3004.8
194 3065.86 3056.8
195 3119.95 3109.23
196 3175.22 3162.1
197 3230.82 3215.41
198 3286.67 3269.15
199 3343.26 3323.33
200 3400.57 3377.94
