10000 3244.98 2207.84
11000 2870.32 2524.7
12000 3170.42 2844.38
13000 3459.34 3166.63
14000 3811.02 3491.26
15000 4371.74 3818.09
16000 4654.48 4146.99
17000 4841.5 4477.82
18000 5202.98 4810.47
19000 5456.24 5144.83
20000 5965.08 5480.82
21000 6281.86 5818.36
22000 6267.26 6157.37
23000 6517.02 6497.78
24000 6850.68 6839.53
25000 7179.56 7182.58
26000 7463.12 7526.85
27000 7852.14 7872.32
28000 8211.82 8218.93
29000 8533.26 8566.65
30000 8840.82 8915.43
31000 9066 9265.23
32000 9461.3 9616.04
33000 9883.22 9967.81
34000 10238.9 10320.5
35000 10454 10674.1
36000 11049.7 11028.6
37000 11162.2 11384
38000 11621 11740.2
39000 11779.9 12097.2
40000 12282.1 12455
41000 12730.4 12813.5
42000 13029.4 13172.9
43000 13380.3 13532.9
44000 13820.8 13893.7
45000 14048.5 14255.2
46000 14436.8 14617.3
47000 14667.9 14980.2
48000 15190 15343.7
49000 15379.2 15707.8
50000 15730.5 16072.6
51000 16196.9 16438
52000 16751.1 16804
53000 17012.2 17170.5
54000 17500.3 17537.7
55000 18184.1 17905.4
56000 17967 18273.7
57000 18278.5 18642.6
58000 18622.9 19012
59000 18841.2 19381.9
60000 19289.8 19752.4
61000 19702.4 20123.3
62000 20116.5 20494.8
63000 20514.2 20866.8
64000 20717.1 21239.2
65000 21198.9 21612.2
66000 21692.4 21985.6
67000 22272.8 22359.5
68000 22391.1 22733.8
69000 22792.7 23108.6
70000 23010.9 23483.9
71000 23601.4 23859.6
72000 24090 24235.7
73000 24376.3 24612.2
74000 24969.7 24989.2
75000 25182.6 25366.6
76000 25450 25744.4
77000 25928.6 26122.6
78000 26471.3 26501.3
79000 26804.7 26880.3
80000 27375.2 27259.7
81000 27526.2 27639.4
82000 28013.9 28019.6
83000 28287.1 28400.2
84000 28957.8 28781.1
85000 29233 29162.4
86000 29579.3 29544
87000 30035.7 29926
88000 30354 30308.4
89000 30715 30691.1
90000 31369.3 31074.2
91000 31490.7 31457.6
92000 32074.7 31841.3
93000 32380.3 32225.4
94000 33240.7 32609.8
95000 33480 32994.5
96000 33787.7 33379.6
97000 34434.2 33765
98000 34811.4 34150.7
99000 35272.4 34536.7
100000 35771.6 34923
