1000 12535.5 4790.13
1100 12598.2 7652.03
1200 15613.9 10685.1
1300 17086.1 13889.4
1400 19879.6 17264.9
1500 24975.6 20811.5
1600 27552.9 24529.4
1700 29527.5 28418.4
1800 31053.1 32478.7
1900 33120.8 36710.1
2000 36123.2 41112.7
2100 38046.2 45686.6
2200 40549.7 50431.6
2300 45619.9 55347.8
2400 56176.9 60435.2
2500 60797 65693.7
2600 61794.6 71123.5
2700 87043.6 76724.5
2800 66475.3 82496.6
2900 68915.9 88440
3000 77605.7 94554.5
3100 79587 100840
3200 85049.4 107297
3300 108761 113925
3400 126392 120725
3500 136700 127695
3600 210296 134837
3700 225201 142150
3800 186591 149634
3900 144045 157289
4000 148113 165116
4100 161234 173113
4200 170150 181282
4300 179530 189622
4400 178275 198133
4500 201776 206816
4600 230886 215669
4700 214319 224694
4800 227362 233890
4900 241044 243257
5000 249653 252796
