100 4970 1.51811e+06
101 13194.1 1.33492e+06
102 27179.2 1.16821e+06
103 48706.6 1.018e+06
104 75448.2 884287
105 110979 767064
106 158748 666334
107 207044 582097
108 264186 514353
109 333723 463103
110 407262 428345
111 482618 410081
112 565932 408310
113 655139 423033
114 757454 454248
115 869845 501957
116 983138 566159
117 1.10901e+06 646854
118 1.24311e+06 744042
119 1.38522e+06 857724
120 1.54341e+06 987898
121 1.73815e+06 1.13457e+06
122 1.92897e+06 1.29773e+06
123 2.17856e+06 1.47738e+06
124 2.43228e+06 1.67353e+06
125 2.65358e+06 1.88617e+06
126 2.8799e+06 2.1153e+06
127 3.12048e+06 2.36093e+06
128 3.35451e+06 2.62305e+06
129 3.59585e+06 2.90166e+06
130 3.85071e+06 3.19677e+06
131 4.12537e+06 3.50837e+06
132 4.41705e+06 3.83646e+06
133 4.74747e+06 4.18105e+06
134 5.04337e+06 4.54213e+06
135 5.37363e+06 4.9197e+06
136 5.70454e+06 5.31377e+06
137 6.07667e+06 5.72432e+06
138 6.44036e+06 6.15138e+06
139 6.8577e+06 6.59492e+06
140 7.33539e+06 7.05496e+06
141 7.74248e+06 7.53149e+06
142 8.15357e+06 8.02452e+06
143 8.60347e+06 8.53404e+06
144 9.09132e+06 9.06005e+06
145 9.64983e+06 9.60255e+06
146 1.02602e+07 1.01615e+07
147 1.08452e+07 1.0737e+07
148 1.14429e+07 1.1329e+07
149 1.20067e+07 1.19375e+07
150 1.26427e+07 1.25625e+07
151 1.32544e+07 1.32039e+07
152 1.38229e+07 1.38619e+07
153 1.44892e+07 1.45363e+07
154 1.51431e+07 1.52273e+07
155 1.58507e+07 1.59347e+07
156 1.66236e+07 1.66586e+07
157 1.73262e+07 1.73991e+07
158 1.80379e+07 1.8156e+07
159 1.87279e+07 1.89294e+07
160 1.94483e+07 1.97193e+07
161 2.02185e+07 2.05257e+07
162 2.10589e+07 2.13486e+07
163 2.18173e+07 2.2188e+07
164 2.26146e+07 2.30438e+07
165 2.33632e+07 2.39162e+07
166 2.41911e+07 2.48051e+07
167 2.50322e+07 2.57104e+07
168 2.58966e+07 2.66323e+07
169 2.67536e+07 2.75706e+07
170 2.76018e+07 2.85254e+07
171 2.86707e+07 2.94968e+07
172 2.96724e+07 3.04846e+07
173 3.07514e+07 3.14889e+07
174 3.1931e+07 3.25097e+07
175 3.29168e+07 3.3547e+07
176 3.40598e+07 3.46008e+07
177 3.50538e+07 3.56711e+07
178 3.61013e+07 3.67579e+07
179 3.71785e+07 3.78611e+07
180 3.83494e+07 3.89809e+07
181 3.95436e+07 4.01172e+07
182 4.07297e+07 4.12699e+07
183 4.19247e+07 4.24392e+07
184 4.31838e+07 4.36249e+07
185 4.4484e+07 4.48271e+07
186 4.581e+07 4.60459e+07
187 4.72177e+07 4.72811e+07
188 4.85864e+07 4.85328e+07
189 5.00305e+07 4.9801e+07
190 5.14354e+07 5.10857e+07
191 5.27445e+07 5.23869e+07
192 5.40604e+07 5.37046e+07
193 5.54105e+07 5.50388e+07
194 5.67907e+07 5.63894e+07
195 5.83305e+07 5.77566e+07
196 5.99185e+07 5.91402e+07
197 6.14687e+07 6.05404e+07
198 6.30058e+07 6.1957e+07
199 6.45302e+07 6.33902e+07
200 6.60776e+07 6.48398e+07
